0.3330
0.0889
0.9032
0.5770
0.2929
0.7904
0.4732
0.3918
0.3507
0.2990
0.4010
0.0801
0.4160
0.3056
0.3913
0.3115
0.0322
0.0368
0.3542
0.5457
0.7788
0.6529
0.6278
0.4132
0.0734
0.3875
0.0156
0.4336
0.8008
0.1280
0.3840
0.7456
0.5919
0.0345
0.1902
0.1760
0.9760
0.2576
0.3577
0.7949
0.1866
0.8195
0.1580
0.9640
0.9296
0.4156
0.2723
0.1472
0.6678
0.5956
0.4739
0.4581
0.9855
0.1210
0.6410
0.0881
0.7616
0.0034
0.1156
0.3633
0.1986
0.4419
0.5275
0.8256
0.1615
0.0822
0.7568
0.2746
0.4051
0.4106
0.8592
0.8224
0.6341
0.2082
0.3472
0.0547
0.9920
0.4064
0.5160
0.6256
0.1375
0.9062
0.1198
0.3520
0.3904
0.2412
0.1774
0.4707
0.1558
0.2736
0.8569
0.4277
0.2927
0.6732
0.3198
0.2272
0.6198
0.4152
0.2391
0.1688
